%[DOF6_Arm,ArmInfo] = importrobot('DOF6_rigid_body_tree');

phi10 = 0.6435011;
phi20 = -0.49369441;
phi30 = -1.759413;
phi40 = -pi;
phi50 = 0.88848553;
phi60 = 0.64350111;